image: /home/ubuntu/carto_ws/map/2d-1.pgm
resolution: 0.050000
origin: [-9.473061, -11.641255, 0.000000]
negate: 0
occupied_thresh: 0.65
free_thresh: 0.196

